mateus,mlopes0725@gmail.com,1234,62625045329,982103202,2929209.0,,,,,,,
mateus,mlopes0725@gmail.com,1234,62625045329,982103202,2800309.0,Creta,BNL9K04,Prata,2023,128900.0,12000,987654321
Usuário Teste,teste@email.com,1234,12345678900,999999999,871100.0,Creta,BNL9K04,Prata,2023,128900.0,12000,987654321
Mateus Lopes Pinheiro,mateuslopespinheiro2507@gmail.com,1234,62625045329,982103202,3.33333333E8,,,,,,,
Mateus Lopes Pinheiro,mateuslopespinheiro2507@gmail.com,1234,62625045329,982103202,3.33290433E8,Mobi,TCL2A59,Cinza,2019,42900.0,60000,555666777
Mateus Lopes Pinheiro,mateuslopespinheiro2507@gmail.com,1234,62625045329,982103202,3.33192443E8,Polo,QWE6J88,Preto,2021,97990.0,30000,222233344
Usuário Teste,teste@email.com,1234,12345678900,999999999,973500.0,Celta,JUZ4M20,Vermelho,2014,26500.0,85000,464455666
Usuário Teste,teste@email.com,1234,12345678900,999999999,875510.0,Polo,QWE6J88,Preto,2021,97990.0,30000,222233344
Usuário Teste,teste@email.com,1234,12345678900,999999999,868310.0,Pop,VMA8N60,Branca,2015,7200.0,42000,666777888
Usuário Teste,teste@email.com,1234,12345678900,999999999,728320.0,Fastback,MPX7F31,Vermelho,2022,139990.0,18000,333444555
Usuário Teste,teste@email.com,1234,12345678900,999999999,957100.0,Mobi,TCL2A59,Cinza,2019,42900.0,60000,555666777
Usuário Teste,teste@email.com,1234,12345678900,999999999,940710.0,Onix,GTR3H92,Branco,2020,59290.0,45000,123456789
Usuário Teste,teste@email.com,1234,12345678900,999999999,811810.0,Creta,BNL9K04,Prata,2023,128900.0,12000,987654321
Usuário Teste,teste@email.com,1234,12345678900,999999999,713820.0,Polo,QWE6J88,Preto,2021,97990.0,30000,222233344
Usuário Teste,teste@email.com,1234,12345678900,999999999,670920.0,Mobi,TCL2A59,Cinza,2019,42900.0,60000,555666777
Sérgio Moita,sergiomoita12@gmail.com,1234,02471696333,991934937,100000.0,,,,,,,
Sérgio Moita,sergiomoita12@gmail.com,1234,02471696333,991934937,40710.0,Onix,GTR3H92,Branco,2020,59290.0,45000,123456789
Sérgio Moita,sergiomoita12@gmail.com,1234,02471696333,991934937,29910.0,Biz,RXD1E73,Vermelho,2018,10800.0,28000,111122333
Sérgio Moita,sergiomoita12@gmail.com,1234,02471696333,991934937,22710.0,Pop,VMA8N60,Branca,2015,7200.0,42000,666777888
